Модель	LS	Reg	Unb
10001	0.013326	0.034387	0.009997
10010	0.009377	0.035224	0.003584
10011	0.009175	0.032963	0.018866
10100	0.010097	0.020109	0.016939
10101	0.002369	0.008807	0.008275
10110	0.005740	0.017081	0.013960
10111	0.001926	0.007185	0.005158
11000	0.011884	0.064994	0.043248
11001	0.011229	0.055172	0.032049
11010	0.008102	0.049637	0.030332
11011	0.008073	0.047964	0.028266
11100	0.008137	0.035218	0.027453
11101	0.002368	0.008728	0.012148
11110	0.005063	0.025963	0.020131
11111	0.001925	0.007000	0.007891

 f(x) = 0.421294  + 0.412698 x3
 Criterion (Unb) = 0.003583853
 Congratulations! You have a quality model.

--- POINTS ---
Y_NAME Sulfate
POINT 0 0.58734916 0.64734744 0.58071879
POINT 1 0.38893354 0.56153738 0.63017012
POINT 2 0.61051727 0.49515511 0.51939333
POINT 3 0.51792634 0.56138395 0.65738509
POINT 4 0.44434723 0.66894088 0.72066718
POINT 5 0.51868221 0.58731944 0.60725760
POINT 6 0.37558921 0.56630934 0.54580429
POINT 7 0.23362226 0.72438866 0.66452809
POINT 8 0.74102677 0.50764759 0.58298534
POINT 9 0.35493321 0.55346427 0.56310019
POINT 10 0.65635780 0.56551194 0.60030239
POINT 11 0.50232507 0.72998092 0.63040269
POINT 12 0.64365393 0.51454537 0.55103867
POINT 13 0.72582047 0.75181920 0.63017768
POINT 14 0.79526482 0.78130027 0.60618624
POINT 15 0.50044109 0.43559859 0.55656279
POINT 16 0.65014052 0.76513373 0.59558231
POINT 17 0.46706934 0.51680404 0.64630307
POINT 18 0.45648325 0.55278242 0.57484281
POINT 19 0.50491552 0.59465400 0.53059209
POINT 20 0.52181148 0.73338876 0.65814364
POINT 21 0.24789475 0.44615308 0.60080459
POINT 22 0.37062560 0.53312166 0.54133903
